[catalinamtns1.jpg]
filters=finetune2=1,0.000000,0.000000,0.000000,00000000,0.192982;sat=1,0.161800;
moddate=0000c74e19d30000
width=900
height=675
textactive=0
